tomato 0 0 0 2 83 146 192 0 0 0 0 0 0 0
tomato 0 0 0 2 148 192 377 0 0 0 0 0 0 0
tomato 0 0 0 2 1101 204 1397 0 0 0 0 0 0 0
tomato 0 0 0 77 3008 361 3250 0 0 0 0 0 0 0
tomato 0 0 0 163 2724 277 2851 0 0 0 0 0 0 0
tomato 0 0 0 359 2695 517 2820 0 0 0 0 0 0 0
tomato 0 0 0 421 1944 561 2084 0 0 0 0 0 0 0
tomato 0 0 0 501 2321 684 2472 0 0 0 0 0 0 0
tomato 0 0 0 601 3785 805 4002 0 0 0 0 0 0 0
tomato 0 0 0 717 3733 1049 4023 0 0 0 0 0 0 0
tomato 0 0 0 763 2709 899 2822 0 0 0 0 0 0 0
tomato 0 0 0 770 2632 888 2755 0 0 0 0 0 0 0
tomato 0 0 0 1049 2847 1356 3193 0 0 0 0 0 0 0
tomato 0 0 0 1078 421 1289 624 0 0 0 0 0 0 0
tomato 0 0 0 1085 3097 1381 3396 0 0 0 0 0 0 0
tomato 0 0 0 1114 1018 1318 1183 0 0 0 0 0 0 0
tomato 0 0 0 1155 1105 1314 1260 0 0 0 0 0 0 0
tomato 0 0 0 1264 1170 1397 1335 0 0 0 0 0 0 0
tomato 0 0 0 1276 2872 1585 3216 0 0 0 0 0 0 0
tomato 0 0 0 1304 3145 1602 3439 0 0 0 0 0 0 0
tomato 0 0 0 1416 1633 1541 1789 0 0 0 0 0 0 0
tomato 0 0 0 1454 1975 1790 2309 0 0 0 0 0 0 0
tomato 0 0 0 1458 1681 1618 1911 0 0 0 0 0 0 0
tomato 0 0 0 1506 2849 1641 2983 0 0 0 0 0 0 0
tomato 0 0 0 1614 542 2011 857 0 0 0 0 0 0 0
tomato 0 0 0 1656 31 1790 113 0 0 0 0 0 0 0
tomato 0 0 0 1662 1969 1969 2278 0 0 0 0 0 0 0
tomato 0 0 0 1673 759 1973 1049 0 0 0 0 0 0 0
tomato 0 0 0 1685 2 1892 123 0 0 0 0 0 0 0
tomato 0 0 0 1844 3454 2190 3752 0 0 0 0 0 0 0
tomato 0 0 0 1881 580 2207 859 0 0 0 0 0 0 0
tomato 0 0 0 1904 776 2154 1010 0 0 0 0 0 0 0
tomato 0 0 0 2309 2397 2545 2726 0 0 0 0 0 0 0
tomato 0 0 0 2436 2434 2859 2812 0 0 0 0 0 0 0
tomato 0 0 0 2461 2638 2791 2893 0 0 0 0 0 0 0
tomato 0 0 0 2465 2219 2884 2592 0 0 0 0 0 0 0
tomato 0 0 0 2611 1329 2826 1535 0 0 0 0 0 0 0
tomato 0 0 0 2638 1441 2828 1662 0 0 0 0 0 0 0
tomato 0 0 0 2751 2480 2962 2757 0 0 0 0 0 0 0
tomato 0 0 0 2793 1256 3066 1533 0 0 0 0 0 0 0
tomato 0 0 0 2797 2709 2976 2893 0 0 0 0 0 0 0
tomato 0 0 0 3064 513 3268 715 0 0 0 0 0 0 0
tomato 0 0 0 3085 3502 3350 3748 0 0 0 0 0 0 0
tomato 0 0 0 3122 578 3323 795 0 0 0 0 0 0 0
tomato 0 0 0 3160 3579 3456 3896 0 0 0 0 0 0 0
tomato 0 0 0 3239 450 3454 676 0 0 0 0 0 0 0
tomato 0 0 0 3249 574 3456 822 0 0 0 0 0 0 0
