tomato 0 0 0 0 4804 188 5070 0 0 0 0 0 0 0
tomato 0 0 0 0 4911 161 5161 0 0 0 0 0 0 0
tomato 0 0 0 2 3354 214 3571 0 0 0 0 0 0 0
tomato 0 0 0 99 2525 241 2671 0 0 0 0 0 0 0
tomato 0 0 0 144 331 302 472 0 0 0 0 0 0 0
tomato 0 0 0 149 3110 383 3306 0 0 0 0 0 0 0
tomato 0 0 0 187 2088 424 2354 0 0 0 0 0 0 0
tomato 0 0 0 220 179 386 355 0 0 0 0 0 0 0
tomato 0 0 0 255 445 343 528 0 0 0 0 0 0 0
tomato 0 0 0 267 1090 487 1279 0 0 0 0 0 0 0
tomato 0 0 0 293 354 431 521 0 0 0 0 0 0 0
tomato 0 0 0 366 2103 554 2293 0 0 0 0 0 0 0
tomato 0 0 0 418 2221 708 2457 0 0 0 0 0 0 0
tomato 0 0 0 486 1950 767 2202 0 0 0 0 0 0 0
tomato 0 0 0 862 4267 1216 4598 0 0 0 0 0 0 0
tomato 0 0 0 1060 4100 1345 4364 0 0 0 0 0 0 0
tomato 0 0 0 1098 4355 1304 4577 0 0 0 0 0 0 0
tomato 0 0 0 1113 1640 1219 1736 0 0 0 0 0 0 0
tomato 0 0 0 1224 4402 1307 4493 0 0 0 0 0 0 0
tomato 0 0 0 1265 4349 1455 4552 0 0 0 0 0 0 0
tomato 0 0 0 1315 2783 1663 3171 0 0 0 0 0 0 0
tomato 0 0 0 1637 349 1866 589 0 0 0 0 0 0 0
tomato 0 0 0 1728 1561 1947 1824 0 0 0 0 0 0 0
tomato 0 0 0 1739 545 1976 755 0 0 0 0 0 0 0
tomato 0 0 0 1822 3603 2082 3828 0 0 0 0 0 0 0
tomato 0 0 0 1824 1562 1972 1726 0 0 0 0 0 0 0
tomato 0 0 0 1890 437 2105 657 0 0 0 0 0 0 0
tomato 0 0 0 1941 1614 2221 1881 0 0 0 0 0 0 0
tomato 0 0 0 2021 1708 2223 1921 0 0 0 0 0 0 0
tomato 0 0 0 2077 2498 2352 2799 0 0 0 0 0 0 0
tomato 0 0 0 2259 2528 2531 2741 0 0 0 0 0 0 0
tomato 0 0 0 2270 3429 2343 3506 0 0 0 0 0 0 0
tomato 0 0 0 2560 1959 2732 2111 0 0 0 0 0 0 0
tomato 0 0 0 2612 3256 2712 3347 0 0 0 0 0 0 0
tomato 0 0 0 2651 1591 2879 1812 0 0 0 0 0 0 0
tomato 0 0 0 2669 536 2873 743 0 0 0 0 0 0 0
tomato 0 0 0 2689 1897 2832 2039 0 0 0 0 0 0 0
tomato 0 0 0 2735 727 2903 876 0 0 0 0 0 0 0
tomato 0 0 0 2879 817 2963 905 0 0 0 0 0 0 0
tomato 0 0 0 2890 636 3081 834 0 0 0 0 0 0 0
tomato 0 0 0 2920 2487 3013 2571 0 0 0 0 0 0 0
tomato 0 0 0 3004 2449 3245 2715 0 0 0 0 0 0 0
tomato 0 0 0 3254 1570 3413 1690 0 0 0 0 0 0 0
tomato 0 0 0 3327 908 3456 1023 0 0 0 0 0 0 0
